2665
2664
2664
2661
2657
2657
2657
2653
2655
2659
2659
2657
2655
2651
2651
2655
2656
2658
2658
2654
2655
2658
2658
2655
2652
2653
2653
2658
2656
2658
2658
2656
2659
2658
2658
2658
2660
2659
2659
2664
2661
2664
2664
2664
2667
2667
2667
2667
2667
2673
2672
2672
2670
2673
2673
2673
2677
2676
2674
2674
2676
2681
2677
2677
2680
2683
2682
2682
2682
2680
2686
2686
2685
2685
2687
2687
2690
2689
2694
2694
2700
2697
2700
2700
2700
2704
2701
2701
2701
2704
2704
2704
2705
2707
2707
2707
2704
2703
2707
2707
2709
2704
2700
2700
2704
2706
2707
2707
2706
2708
2703
2698
2698
2701
2707
2704
2704
2706
2707
2704
2704
2711
2705
2706
2706
2709
2712
2706
2706
2703
2707
2707
2707
2704
2704
2704
2704
2708
2703
2712
2712
2710
2701
2703
2703
2703
2703
2706
2706
2702
2702
2700
2700
2706
2706
2707
2707
2703
2695
2703
2703
2703
2701
2697
2697
2706
2703
2701
2701
2700
2700
2700
2700
2700
2696
2700
2700
2700
2695
2695
2694
2694
2697
2695
2696
2696
2689
2687
2697
2697
2694
2691
2689
2689
2691
2692
2694
2694
2698
2698
2697
2697
2697
2696
2694
2694
2694
2692
2692
2692
2689
2694
2688
2688
2686
2689
2688
2688
2688
2690
2694
2694
2691
2689
2691
2691
2690
2691
2687
2687
2688
2685
2688
2688
2685
2682
2683
2683
2685
2688
2686
2686
2686
2684
2685
2685
2686
2688
2688
2691
2691
2686
2688
2689
2689
2685
2685
2682
2682
2683
2682
2680
2680
2682
2685
2683
2683
2682
2682
2682
2682
2685
2683
2682
2682
2684
2685
2679
2679
2681
2682
2680
2680
2680
2678
2679
2679
2679
2679
2676
2676
2680
2680
2677
2677
2677
2679
2681
2681
2677
2677
2676
2676
2680
2676
2676
2676
2679
2677
2678
2678
2674
2678
2680
2680
2679
2679
2680
2679
2679
2677
2679
2679
2679
2677
2673
2676
2676
2676
2677
2676
2676
2674
2676
2677
2677
2676
2676
2679
2679
2677
2679
2676
2676
2677
2676
2679
2679
2677
2676
2677
2677
2673
2673
2674
2674
2678
2674
2674
2674
2674
2674
2676
2676
2675
2674
2677
2677
2679
2675
2673
2673
2675
2676
2676
2676
2674
2677
2676
2676
2674
2674
2676
2676
2674
2676
2670
2674
2674
2676
2674
2674
2674
2673
2673
2671
2671
2673
2671
2673
2673
2674
2673
2671
2671
2673
2676
2673
2673
2673
2672
2673
2673
2672
2673
2675
2675
2673
2674
2670
2670
2673
2674
2673
2673
2670
2674
2676
2676
2671
2671
2671
2671
2675
2673
2673
2673
2670
2673
2673
2673
2671
2673
2671
2671
2672
2670
2671
2671
2671
2671
2670
2670
2671
2673
2674
2673
2673
2667
2672
2671
2671
2671
2669
2673
2673
2671
2670
2670
2670









